8,2
8,1
8,0
7,2
7,1
7,0
6,2
6,1
6,0
5,3
5,2
5,1
5,0
4,3
2,3
1,3
0,300
0,299
0,298
0,297
0,296
0,295
0,294
0,293
0,292
0,291
0,290
0,289
0,288
0,287
0,286
0,285
0,284
0,283
0,282
0,281
0,280
0,279
0,278
0,277
0,276
0,275
0,274
0,273
0,272
0,271
0,270
0,269
0,268
0,267
0,266
0,265
0,264
0,263
0,262
0,261
0,260
0,259
0,258
0,257
0,256
0,255
0,254
0,253
0,252
0,251
0,250
0,249
0,248
0,247
0,246
0,245
0,244
0,243
0,242
0,241
0,240
0,239
0,238
0,237
0,236
0,235
0,234
0,233
0,232
0,231
0,230
0,229
0,228
0,227
0,226
0,225
0,224
0,223
0,222
0,221
0,220
0,219
0,218
0,217
0,216
0,215
0,214
0,213
0,212
0,211
0,210
0,209
0,208
0,207
0,206
0,205
0,204
0,203
0,202
0,201
0,200
0,199
0,198
0,197
0,196
0,195
0,194
0,193
0,192
0,63
0,62
0,61
0,60
0,59
0,58
0,57
0,56
0,55
0,54
0,53
0,52
0,51
0,50
0,49
0,48
0,47
0,46
0,45
0,9
0,0
0,1
6,45
8,44
7,44
6,44
8,43
7,43
6,43
8,42
7,42
6,42
8,41
7,41
6,41
8,40
7,40
6,40
8,39
7,39
6,39
8,38
7,38
6,38
8,37
7,37
6,37
8,36
7,36
6,36
8,35
7,35
6,35
8,34
7,34
6,34
8,33
7,33
6,33
8,32
7,32
6,32
8,31
7,31
6,31
8,30
7,30
6,30
8,29
7,29
6,29
8,28
7,28
6,28
8,27
7,27
6,27
8,26
7,26
6,26
8,25
7,25
6,25
8,24
7,24
6,24
8,23
7,23
6,23
8,22
7,22
6,22
8,21
7,21
6,21
8,20
7,20
6,20
8,19
7,19
6,19
8,18
7,18
6,18
8,17
7,17
6,17
8,16
7,16
6,16
8,15
7,15
6,15
8,14
7,14
6,14
8,13
7,13
6,13
8,12
7,12
6,12
8,11
7,11
6,11
8,10
7,10
6,10
8,9
7,9
6,9
8,8
7,8
6,8
8,7
7,7
6,7
8,6
7,6
6,6
8,5
7,5
6,5
8,4
7,4
6,4
8,3
7,3
6,3
0,6
0,5
0,304
0,303
0,306
0,305
0,302
0,12
0,10
0,8
0,11
0,4
0,2
0,3
0,7
